0 0
100.0 0.027099019237375746
200.0 0.046436201853926794
300.0 0.06355721835397683
400.0 0.07933822455103412
500.0 0.09420725683008271
600.0 0.10846291456878888
700.0000000000001 0.12189802850329096
800.0 0.1348201202951135
900.0 0.14732343674044845
1000.0 0.15945048215272256
1100.0 0.17153662011467677
1200.0 0.18335646709339926
1300.0 0.19483353423161154
1400.0000000000002 0.20612711463756975
1500.0 0.2172702917530142
1600.0 0.22861336338439364
1700.0000000000002 0.2399800079851912
1800.0 0.25118376726902697
1900.0 0.26224675113797147
2000.0 0.27334617827773183
2100.0 0.28452496336622535
2200.0 0.29546458827597977
2300.0 0.3060050778343915
2400.0 0.3163431180893778
2500.0 0.3261784734289829
2600.0 0.3358690317358236
2700.0 0.3454568908552415
2800.0000000000005 0.3547720168526564
2900.0 0.3641619599738182
3000.0 0.37308801010883635
3100.0 0.38222686173152665
3200.0 0.39156412483950054
3300.0 0.4012991230135786
3400.0000000000005 0.41087749426050363
3500.0000000000005 0.42034767439966453
