0 0
100.0 0.025532619182756136
200.0 0.0429626858523648
300.0 0.058394680856342605
400.0 0.07272879768666807
500.0 0.08610777965490495
600.0 0.09910401935168836
700.0000000000001 0.11147810823546365
800.0 0.12291473805817843
900.0 0.13380696254837668
1000.0 0.14410436977789043
1100.0 0.1539746879111576
1200.0 0.1635223900823711
1300.0 0.1729008928576393
1400.0000000000002 0.18217130260977685
1500.0 0.19117907153264194
1600.0 0.19998636281218987
1700.0000000000002 0.2083108438165163
1800.0 0.21622207520237563
1900.0 0.22368715127805597
2000.0 0.23102413569645003
2100.0 0.23838491423808386
2200.0 0.2457118246614005
2300.0 0.2532533076014223
2400.0 0.2604740875623919
2500.0 0.2680611754911918
2600.0 0.27566603035095977
2700.0 0.28314021166034176
2800.0000000000005 0.2902838555425722
2900.0 0.2970121007571386
3000.0 0.30319659674276395
3100.0 0.30933094998106897
3200.0 0.3158967359081905
3300.0 0.3225365867880458
3400.0000000000005 0.3290127423930769
3500.0000000000005 0.3350911340565071