0 0
100.0 0.025726420084775863
200.0 0.044371346611126815
300.0 0.06096085689486532
400.0 0.07640033780575178
500.0 0.09112177452557525
600.0 0.10529686832784808
700.0000000000001 0.1189193005020502
800.0 0.13201299877136158
900.0 0.14465926842706042
1000.0 0.15697060564370935
1100.0 0.1689463592713217
1200.0 0.1805849907495415
1300.0 0.1920347671979366
1400.0000000000002 0.20329519195774198
1500.0 0.21445465259675842
1600.0 0.22542353957728412
1700.0 0.2361883702406778
1800.0 0.2468010250567276
1900.0000000000002 0.25715707139914945
2000.0 0.2672612747322002
2100.0 0.2772549162020079
2200.0 0.28717939333514775
2300.0000000000005 0.2969799074691701
2400.0 0.3067406876405187
2500.0 0.31631459491903274
2600.0 0.3258747935040866
2700.0 0.3353151806391463
2800.0000000000005 0.34463414939317727
2900.0 0.35384220026697766
3000.0 0.3628959585804555
3100.0 0.3718119473609926
3200.0 0.3807287713920761
3300.0000000000005 0.3896567121169198
3400.0 0.3984983001792753
3500.0 0.4073830253234776
