0 0
100.0 0.025624234354865855
200.0 0.04409096022939716
300.0 0.06047541421484079
400.0 0.0756894259006751
500.0 0.09009997569957115
600.0 0.10391311424485346
700.0000000000001 0.1171953962529144
800.0 0.1301258188752875
900.0 0.14271198729806778
1000.0 0.15492871304182437
1100.0 0.16693923286487652
1200.0 0.1787139756804121
1300.0 0.19023985457587314
1400.0000000000002 0.2015719400837192
1500.0 0.2126625801800223
1600.0 0.22357181821908698
1700.0 0.23421378890124964
1800.0 0.2445543301564976
1900.0000000000002 0.25468202255707667
2000.0 0.26467533337267074
2100.0 0.27450220698141886
2200.0 0.28408643274132084
2300.0000000000005 0.29353411203352614
2400.0 0.3027833304357059
2500.0 0.31183142299112737
2600.0 0.32079626062161243
2700.0 0.3297122035138944
2800.0000000000005 0.3385911633219
2900.0 0.3473352733324243
3000.0 0.35601463805275035
3100.0 0.36469278157026574
3200.0 0.37325026969203845
3300.0000000000005 0.3818532008992304
3400.0 0.39042612015612155
3500.0 0.3989431114122342
