0.650017 0.116972
0.650253 0.117229
0.650489 0.117607
0.650726 0.118104
0.650962 0.118728
0.651198 0.119487
0.651434 0.120399
0.651671 0.121489
0.651907 0.122787
0.652143 0.124331
0.652379 0.126163
0.652616 0.128329
0.652852 0.130881
0.653088 0.133866
0.653324 0.137332
0.653561 0.141323
0.653797 0.145877
0.654033 0.151023
0.654269 0.156779
0.654506 0.163154
0.654742 0.170143
0.654978 0.177729
0.655214 0.185881
0.655450 0.194559
0.655687 0.203710
0.655923 0.213271
0.656159 0.223172
0.656395 0.233340
0.656632 0.243697
0.656868 0.254164
0.657104 0.264664
0.657340 0.275126
0.657577 0.285483
0.657813 0.295675
0.658049 0.305653
0.658285 0.315376
0.658522 0.324815
0.658758 0.333949
0.658994 0.342772
0.659230 0.351284
0.659466 0.359496
0.659703 0.367430
0.659939 0.375115
0.660175 0.382588
0.660411 0.389895
0.660648 0.397088
0.660884 0.404228
0.661120 0.411381
0.661356 0.418623
0.661593 0.426035
0.661829 0.433708
0.662065 0.441741
0.662301 0.450242
0.662538 0.459327
0.662774 0.469121
0.663010 0.479754
0.663246 0.491366
0.663482 0.504099
0.663719 0.518100
0.663955 0.533514
0.664191 0.550487
0.664427 0.569155
0.664664 0.589649
0.664900 0.612086
0.665136 0.636569
0.665372 0.663182
0.665609 0.691990
0.665845 0.723037
0.666081 0.756345
0.666317 0.791913
0.666554 0.829720
0.666790 0.869727
0.667026 0.911879
0.667262 0.956111
0.667498 1.002350
0.667735 1.050522
0.667971 1.100557
0.668207 1.152392
0.668443 1.205981
0.668680 1.261294
0.668916 1.318325
0.669152 1.377091
0.669388 1.437636
0.669625 1.500027
0.669861 1.564357
0.670097 1.630737
0.670333 1.699292
0.670570 1.770158
0.670806 1.843470
0.671042 1.919358
0.671278 1.997935
0.671515 2.079289
0.671751 2.163481
0.671987 2.250527
0.672223 2.340405
0.672459 2.433042
0.672696 2.528318
0.672932 2.626065
0.673168 2.726068
0.673404 2.828077
0.673641 2.931806
0.673877 3.036949
0.674113 3.143186
0.674349 3.250198
0.674586 3.357675
0.674822 3.465328
0.675058 3.572897
0.675294 3.680164
0.675531 3.786953
0.675767 3.893140
0.676003 3.998649
0.676239 4.103458
0.676475 4.207592
0.676712 4.311118
0.676948 4.414142
0.677184 4.516802
0.677420 4.619257
0.677657 4.721685
0.677893 4.824268
0.678129 4.927192
0.678365 5.030639
0.678602 5.134779
0.678838 5.239770
0.679074 5.345754
0.679310 5.452856
0.679547 5.561179
0.679783 5.670811
0.680019 5.781819
0.680255 5.894251
0.680491 6.008138
0.680728 6.123496
0.680964 6.240320
0.681200 6.358593
0.681436 6.478280
0.681673 6.599335
0.681909 6.721695
0.682145 6.845288
0.682381 6.970034
0.682618 7.095846
0.682854 7.222635
0.683090 7.350318
0.683326 7.478820
0.683563 7.608082
0.683799 7.738067
0.684035 7.868771
0.684271 8.000222
0.684508 8.132495
0.684744 8.265707
0.684980 8.400029
0.685216 8.535679
0.685452 8.672928
0.685689 8.812087
0.685925 8.953509
0.686161 9.097572
0.686397 9.244669
0.686634 9.395198
0.686870 9.549538
0.687106 9.708041
0.687342 9.871009
0.687579 10.038685
0.687815 10.211234
0.688051 10.388736
0.688287 10.571179
0.688524 10.758455
0.688760 10.950364
0.688996 11.146621
0.689232 11.346865
0.689468 11.550678
0.689705 11.757607
0.689941 11.967181
0.690177 12.178941
0.690413 12.392464
0.690650 12.607389
0.690886 12.823439
0.691122 13.040442
0.691358 13.258346
0.691595 13.477235
0.691831 13.697328
0.692067 13.918982
0.692303 14.142686
0.692540 14.369045
0.692776 14.598765
0.693012 14.832624
0.693248 15.071447
0.693484 15.316073
0.693721 15.567320
0.693957 15.825949
0.694193 16.092633
0.694429 16.367916
0.694666 16.652189
0.694902 16.945660
0.695138 17.248331
0.695374 17.559985
0.695611 17.880178
0.695847 18.208234
0.696083 18.543256
0.696319 18.884136
0.696556 19.229583
0.696792 19.578146
0.697028 19.928252
0.697264 20.278249
0.697501 20.626445
0.697737 20.971155
0.697973 21.310752
0.698209 21.643706
0.698445 21.968628
0.698682 22.284309
0.698918 22.589745
0.699154 22.884165
0.699390 23.167046
0.699627 23.438112
0.699863 23.697340
0.700099 23.944942
0.700335 24.181345
0.700572 24.407167
0.700808 24.623184
0.701044 24.830288
0.701280 25.029454
0.701517 25.221695
0.701753 25.408024
0.701989 25.589415
0.702225 25.766768
0.702461 25.940884
0.702698 26.112433
0.702934 26.281948
0.703170 26.449802
0.703406 26.616212
0.703643 26.781240
0.703879 26.944798
0.704115 27.106665
0.704351 27.266500
0.704588 27.423871
0.704824 27.578273
0.705060 27.729153
0.705296 27.875940
0.705533 28.018064
0.705769 28.154983
0.706005 28.286201
0.706241 28.411285
0.706477 28.529876
0.706714 28.641701
0.706950 28.746575
0.707186 28.844397
0.707422 28.935151
0.707659 29.018889
0.707895 29.095726
0.708131 29.165819
0.708367 29.229348
0.708604 29.286503
0.708840 29.337459
0.709076 29.382359
0.709312 29.421295
0.709549 29.454294
0.709785 29.481306
0.710021 29.502191
0.710257 29.516717
0.710493 29.524558
0.710730 29.525298
0.710966 29.518434
0.711202 29.503393
0.711438 29.479541
0.711675 29.446203
0.711911 29.402680
0.712147 29.348270
0.712383 29.282290
0.712620 29.204091
0.712856 29.113080
0.713092 29.008735
0.713328 28.890615
0.713565 28.758372
0.713801 28.611757
0.714037 28.450619
0.714273 28.274903
0.714510 28.084646
0.714746 27.879970
0.714982 27.661067
0.715218 27.428190
0.715454 27.181642
0.715691 26.921757
0.715927 26.648896
0.716163 26.363433
0.716399 26.065746
0.716636 25.756216
0.716872 25.435223
0.717108 25.103147
0.717344 24.760369
0.717581 24.407286
0.717817 24.044307
0.718053 23.671876
0.718289 23.290470
0.718526 22.900618
0.718762 22.502906
0.718998 22.097987
0.719234 21.686582
0.719470 21.269483
0.719707 20.847552
0.719943 20.421713
0.720179 19.992941
0.720415 19.562251
0.720652 19.130676
0.720888 18.699250
0.721124 18.268986
0.721360 17.840851
0.721597 17.415744
0.721833 16.994477
0.722069 16.577754
0.722305 16.166155
0.722542 15.760131
0.722778 15.359991
0.723014 14.965908
0.723250 14.577920
0.723486 14.195945
0.723723 13.819793
0.723959 13.449186
0.724195 13.083782
0.724431 12.723200
0.724668 12.367041
0.724904 12.014920
0.725140 11.666482
0.725376 11.321425
0.725613 10.979517
0.725849 10.640610
0.726085 10.304644
0.726321 9.971650
0.726558 9.641754
0.726794 9.315162
0.727030 8.992158
0.727266 8.673088
0.727503 8.358342
0.727739 8.048344
0.727975 7.743531
0.728211 7.444337
0.728447 7.151183
0.728684 6.864455
0.728920 6.584505
0.729156 6.311631
0.729392 6.046081
0.729629 5.788043
0.729865 5.537650
0.730101 5.294978
0.730337 5.060050
0.730574 4.832843
0.730810 4.613290
0.731046 4.401290
0.731282 4.196711
0.731519 3.999401
0.731755 3.809187
0.731991 3.625890
0.732227 3.449320
0.732463 3.279288
0.732700 3.115607
0.732936 2.958093
0.733172 2.806570
0.733408 2.660870
0.733645 2.520836
0.733881 2.386321
0.734117 2.257187
0.734353 2.133308
0.734590 2.014568
0.734826 1.900859
0.735062 1.792082
0.735298 1.688142
0.735535 1.588950
0.735771 1.494421
0.736007 1.404469
0.736243 1.319007
0.736479 1.237945
0.736716 1.161190
0.736952 1.088641
0.737188 1.020187
0.737424 0.955712
0.737661 0.895087
0.737897 0.838174
0.738133 0.784823
0.738369 0.734878
0.738606 0.688169
0.738842 0.644521
0.739078 0.603753
0.739314 0.565680
0.739551 0.530114
0.739787 0.496870
0.740023 0.465764
0.740259 0.436622
0.740495 0.409275
0.740732 0.383568
0.740968 0.359359
0.741204 0.336521
0.741440 0.314944
0.741677 0.294534
0.741913 0.275218
0.742149 0.256935
0.742385 0.239645
0.742622 0.223317
0.742858 0.207937
0.743094 0.193499
0.743330 0.180002
0.743567 0.167452
0.743803 0.155854
0.744039 0.145214
0.744275 0.135530
0.744512 0.126798
0.744748 0.119000
0.744984 0.112114
0.745220 0.106102
0.745456 0.100919
0.745693 0.096507
0.745929 0.092798
0.746165 0.089716
0.746401 0.087178
0.746638 0.085095
0.746874 0.083374
0.747110 0.081923
0.747346 0.080652
0.747583 0.079473
0.747819 0.078306
0.748055 0.077077
0.748291 0.075725
0.748528 0.074198
0.748764 0.072457
0.749000 0.070474
