0 0
100.0 0.037094154520071074
200.0 0.06938233525255
300.0 0.0989653350753893
400.0 0.12645891548927415
500.0 0.1526114229726526
600.0 0.17779926579460173
700.0000000000001 0.2017302243833241
800.0 0.22452320394349698
900.0 0.24668304841049665
1000.0 0.2681716721212446
1100.0 0.2893225050143193
1200.0 0.31013334579123025
1300.0 0.33047784714757433
1400.0000000000002 0.35046465332344817
1500.0 0.36984048794807955
1600.0 0.38841989625013595
1700.0000000000002 0.4069359099185701
1800.0 0.42563257234433405
1900.0 0.4445244298775357
2000.0 0.46302395180121425
2100.0 0.48201482487454833
2200.0 0.5005694786874993
2300.0 0.5182508722886625
2400.0 0.5356083840840303
2500.0 0.5530277550068086
2600.0 0.5700217021779032
2700.0 0.5867447546449384
2800.0000000000005 0.6030612653853887
2900.0 0.6194249788301369
3000.0 0.6364294354081701
3100.0 0.6529222402872511
3200.0 0.6682875298905648
3300.0 0.6826344217678095
3400.0000000000005 0.6962899249254463
3500.0000000000005 0.708647923710409