0 0
100.0 0.03981738734921656
200.0 0.07354623185043972
300.0 0.10459383516462517
400.0 0.13276197117085392
500.0 0.1600584078115822
600.0 0.1866653610702312
700.0000000000001 0.21235920082707793
800.0 0.23714086951428123
900.0 0.260866159249795
1000.0 0.28409368694166687
1100.0 0.3066599631131536
1200.0 0.3289875494709405
1300.0 0.350489790640521
1400.0000000000002 0.3717591205555365
1500.0 0.3926837505462475
1600.0 0.41286976480969056
1700.0000000000002 0.432865137422537
1800.0 0.4532117494855432
1900.0 0.4729867220066824
2000.0 0.4925017023466725
2100.0 0.512520151503317
2200.0 0.5320202320957315
2300.0 0.5514637185730477
2400.0 0.5708255273155317
2500.0 0.5905690395553835
2600.0 0.610307716221098
2700.0 0.6296636118410707
2800.0000000000005 0.6482397958550786
2900.0 0.6666132631960796
3000.0 0.6849732827900539
3100.0 0.7035233752815352
3200.0 0.7216093360405345
3300.0 0.7387611959381164
3400.0000000000005 0.7565201402980088
3500.0000000000005 0.7747739037254889
