0 0
100.0 0.0771668380039262
200.0 0.1328435327328154
300.0 0.18238267367595995
400.0 0.2283780439255051
500.0 0.2721759981686217
600.0 0.31433586696151933
700.0000000000001 0.3549177793989486
800.0 0.394210267328011
900.0 0.4323659269064721
1000.0 0.4694324322527845
1100.0 0.5056684996628803
1200.0 0.5411765599246304
1300.0 0.5759961344497124
1400.0000000000002 0.6101569692499779
1500.0 0.6438042321769689
1600.0 0.6768722918095189
1700.0 0.7092238806901697
1800.0 0.7409068968881672
1900.0000000000002 0.7719890541659177
2000.0 0.8024229971457297
2100.0 0.8324537827870953
2200.0 0.8620290567266424
2300.0000000000005 0.8912104175566189
2400.0 0.9200186604542046
2500.0 0.9484434675551414
2600.0 0.9767099746792
2700.0 1.004727261618656
2800.0000000000005 1.0324372935209152
2900.0 1.0598504297517586
3000.0 1.0869824347695316
3100.0 1.1138721193466439
3200.0 1.1404904205114517
3300.0000000000005 1.1670731828978163
3400.0 1.1934877571568159
3500.0 1.219820916283209
3600.0 1.2459135248636863
3700.0 1.2718264640040948
3800.0000000000005 1.2974230493433663
3900.0 1.3229137878403865
4000.0 1.348349653892426