0 0
100.0 0.11462194681676838
200.0 0.21707642119639148
300.0 0.31116255050823377
400.0 0.39757449897601593
500.0 0.4804213350071068
600.0 0.5602490103285525
700.0000000000001 0.6354476832779188
800.0 0.7053837783443023
900.0 0.7773770169597722
1000.0 0.8539490875829726
1100.0 0.9285695392455211
1200.0 0.9998963195894748
1300.0 1.0650117871759899
1400.0000000000002 1.1280918257130776
1500.0 1.1929985019302973
1600.0 1.2545826190705076
1700.0 1.312652029777544
1800.0 1.3682738957831115
1900.0000000000002 1.4240509099885634
2000.0 1.4809649338924322
2100.0 1.5377374704777733
2200.0 1.5962336569359876
2300.0000000000005 1.6551070258399438
2400.0 1.71288788229902
2500.0 1.771901637483509
2600.0 1.8331696984641879
2700.0 1.8926627681583474
2800.0000000000005 1.9515582956847937
2900.0 2.010403795945522
3000.0 2.070485035708755
3100.0 2.1310124893624325
3200.0 2.192627239425082
3300.0000000000005 2.2568416566546885
3400.0 2.3199309214093695
3500.0 2.377685673131906
3600.0 2.438402028758939
3700.0 2.4975627834878673
3800.0000000000005 2.5567295207286143
3900.0 2.616324918287753
4000.0 2.677549926819439
